[app/ui]
version = 5.0
modtime = 1348248862.978422000

[app/launcher]
version = 5.0
modtime = 1348248862.980466000

[inputs/script%3A%2F%2F%24SPLUNK_HOME%2Fetc%2Fapps%2Fmodular-input-app%2Fbin%2Fscripted1.py]
version = 5.0
modtime = 1349286176.109129000
